fullscreen=true
background=true
music=0.07142857142857142
fx=0.07142857142857142
