fullscreen=true
background=true
music=0.6507936507936508
fx=0.6507936507936508
