fullscreen=true
background=true
music=0.29629632657167193
fx=0.29629632657167193
