fullscreen=true
background=true
music=0.2698412698412698
fx=0.2222222222222222
