fullscreen=true
background=true
music=0.25396825396825395
fx=0.5
